4 48 1 1 3 1 720
  1   4.038  -5.586   3   1    0 720
  2   0.981  -7.571   3   1    0 720
  3  -2.984   4.348   3   1    0 720
  4  -5.059   0.614   3   1    0 720
  5  -5.752  -3.750   3   1    0 720
  6  -7.134  -1.966   3   1    0 720
  7   7.202  -7.177   3   1    0 720
  8   6.571   6.170   3   1    0 720
  9  -6.631  -1.902   3   1    0 720
 10  -2.526   8.969   3   1    0 720
 11   8.111   2.642   3   1    0 720
 12  -4.675  -4.231   3   1    0 720
 13   3.551  -0.525   3   1    0 720
 14  -2.490  -5.227   3   1    0 720
 15  -2.637   7.962   3   1    0 720
 16  -8.426  -2.575   3   1    0 720
 17  -3.744  -6.639   3   1    0 720
 18   5.205   0.244   3   1    0 720
 19  -8.424  -1.857   3   1    0 720
 20  -9.680  -6.156   3   1    0 720
 21   5.790  -0.709   3   1    0 720
 22   4.058   0.853   3   1    0 720
 23   1.877   4.525   3   1    0 720
 24   7.542   0.861   3   1    0 720
 25  -1.557  -4.059   3   1   13   28
 26   6.840   8.974   3   1   65   80
 27  -8.784   4.454   3   1  337  352
 28  -7.628  -4.448   3   1  199  214
 29  -8.578   3.788   3   1   11   26
 30  -9.575   0.782   3   1   42   57
 31  -7.801   0.638   3   1  538  553
 32   1.051   3.222   3   1  186  201
 33   5.220  -7.863   3   1   57   72
 34   2.363  -3.685   3   1  173  188
 35   2.363   0.372   3   1  504  519
 36   0.712  -1.227   3   1  589  604
 37   0.048   7.591   3   1  390  405
 38   3.907   6.813   3   1   58   73
 39  -7.523   3.003   3   1  396  411
 40   4.752  -5.931   3   1  491  506
 41  -0.660   4.228   3   1  646  661
 42  -0.489  -3.844   3   1  393  408
 43  -5.982   5.611   3   1  297  312
 44  -2.556  -9.246   3   1   87  102
 45  -7.484  -5.008   3   1  374  389
 46   7.015  -1.673   3   1  374  389
 47  -6.781  -5.232   3   1  334  349
 48  -5.652  -9.441   3   1  173  188
 49   5.041   9.893   3  -1  498  513
 50   8.135  -0.006   3  -1  282  297
 51  -4.492   7.596   3  -1  684  699
 52   5.357   6.173   3  -1  676  691
 53   3.811  -0.492   3  -1  463  478
 54   3.924  -5.895   3  -1  301  316
 55   8.143  -8.384   3  -1  640  655
 56   2.597   9.001   3  -1  130  145
 57  -3.984   7.717   3  -1  164  179
 58  -7.342   8.088   3  -1  666  681
 59  -7.663  -5.638   3  -1  435  450
 60  -2.773   3.359   3  -1  418  433
 61   0.561   6.374   3  -1  446  461
 62   2.945  -6.319   3  -1  439  454
 63  -2.951   5.462   3  -1  202  217
 64  -7.064  -9.456   3  -1   78   93
 65   8.655   8.898   3  -1  144  159
 66  -5.776  -9.026   3  -1  625  640
 67   4.525   1.051   3  -1  404  419
 68   8.561  -4.908   3  -1  118  133
 69   2.456   3.752   3  -1  306  321
 70   5.326  -8.517   3  -1  568  583
 71  -2.261   5.238   3  -1  264  279
 72   0.443  -2.214   3  -1  421  436
 73  -0.638   6.586   3  -1    0 720
 74   6.906  -9.316   3  -1    0 720
 75   6.473   0.508   3  -1    0 720
 76  -5.434   3.225   3  -1    0 720
 77  -4.898   5.947   3  -1    0 720
 78   3.489   1.286   3  -1    0 720
 79   9.729  -1.860   3  -1    0 720
 80  -5.020   0.025   3  -1    0 720
 81   1.241  -0.326   3  -1    0 720
 82   2.046   7.914   3  -1    0 720
 83   9.336  -3.849   3  -1    0 720
 84  -3.424  -8.506   3  -1    0 720
 85  -6.307  -9.314   3  -1    0 720
 86   1.736  -2.872   3  -1    0 720
 87  -7.652  -5.385   3  -1    0 720
 88   6.978  -8.933   3  -1    0 720
 89   3.430   9.712   3  -1    0 720
 90   0.424   8.284   3  -1    0 720
 91  -1.668  -8.392   3  -1    0 720
 92   5.515  -5.743   3  -1    0 720
 93  -3.266   5.519   3  -1    0 720
 94   0.271  -8.917   3  -1    0 720
 95   0.423   7.447   3  -1    0 720
 96  -3.041   0.504   3  -1    0 720
 97   0.000   0.000   0   0    0  720
 98   0.000   0.000   0   0    0  720
 99   0.000   0.000   0   0    0  720
 100   0.000   0.000   0   0    0  720
 101   0.000   0.000   0   0    0  720
 102   0.000   0.000   0   0    0  720
 103   0.000   0.000   0   0    0  720
 104   0.000   0.000   0   0    0  720
 105   0.000   0.000   0   0    0  720
 106   0.000   0.000   0   0    0  720
 107   0.000   0.000   0   0    0  720
 108  -4.000  -4.000   0   0    0  720
 109   4.000   4.000   0   0    0  720
 97
 98
 99 100 101 102
 103 104 105 106
 107 108 109
 30 30 30 30 30 30 30 30 30 30 30 30 30 30 30 30 30 30 30 30 30 30 30 30 30 30 30 30 30 30 30 30 30 30 30 30 30 30 30 30 30 30 30 30 30 30 30 30
 3 3 3 3
 14.85 14.85 14.85 14.85
 14.85 14.85 14.85 14.85
 0.055 0.055 0.055
 0.055
 554.54 554.6 582.22
