u2-16	 5		59.19		63.93		8		    NA		    NA			99.908	382
u2-20	 10		56.86		59.92		5.39		60.96		7.2			141.928	184
u2-24	 0		92.17		NA		    NA			NA			NA 			268.69	704
u3-18	 10		50.99		51.24		0.5			52.56		3.09		160.864	491
u3-24	 10		68.39		68.74		0.52		69.19		1.17		162.021	2275
u3-30	 10		77.41		78.74		1.72		79.07		2.15		303.726	1551
u3-36	 10		105.79		109.01		3.05		110.36		4.32		366.3	2746
u4-16	 10		53.87		53.87		0.0			54.62		1.4			76.784	1486
u4-24	 10		89.96		91.02		1.18		91.51		1.72		126.142	2942
u4-32	 10		99.5		100.69		1.2			101.51		2.02		235.146	2290
u4-40	 10		136.08		137.26		0.87		137.94		1.37		280.366	4268
u4-48	 5		152.58		156.66		2.68		NA			NA			740.655	5312
u5-40	 10		124.01		124.3		0.24		125.13		0.9			361.012	3571
u5-50	 10		143.51		145.74		1.55		146.85		2.33		688.023	5641
