u2-16	 10		57.65		57.65		0.0		    57.98		0.58		77.714	547
u2-20	 10		56.34		58.17		3.25		58.35		3.57		157.099	413
u2-24	 0		91.24		NA		    NA		    NA		    NA			232.135	265
u3-18	 10		50.74		50.74		0.0			51.22		0.94		186.527	661
u3-24	 10		67.56		67.56		0.0			68.25		1.02		255.131	2241
u3-30	 10		76.75		76.86		0.14		77.07		0.42		418.855	1235
u3-36	 10		104.06		104.49		0.41		105.95		1.81		364.718	2423
u4-16	 10		53.58		53.58		0.0			53.82		0.44		182.627	597
u4-24	 10		89.83		89.83		0.0			90.53		0.78		209.181	2792
u4-32	 10		99.29		99.89		0.61		100.42		1.14		304.317	2704
u4-40	 10		133.78		134.88		0.82		135.89		1.58		322.283	4261
u4-48	 10		147.63		148.44		0.55		149.82		1.48		654.502	4341
u5-40	 10		121.96		122.22		0.21		123.45		1.23		446.232	4816
u5-50	 10		142.84		143.17		0.23		144.29		1.02		795.4	5119
