u2-16	 10		57.61		57.61		0.0			57.62		0.02		125.207	260
u2-20	 10		55.59		55.59		0.0			56.51		1.66		182.351	607
u2-24	 10		90.73		91.54		0.89		92.33		1.76		189.571	1501
u3-18	 10		50.74		50.74		0.0			50.82		0.17		143.955	1114
u3-24	 10		67.56		67.67		0.16		68.01		0.66		199.04	2357
u3-30	 10		76.75		76.75		0.0			76.8		0.06		541.147	1224
u3-36	 10		104.04		104.06		0.02		105.18		1.1		    523.285	1555
u4-16	 10		53.58		53.58		0.0		    53.96		0.71		212.12	670
u4-24	 10		89.83		89.96		0.14		90.71		0.98		222.48	3299
u4-32	 10		99.29		99.89		0.61		100.32		1.04		359.805	2797
u4-40	 10		133.11		133.64		0.4			134.58		1.1		    420.99	3644
u4-48	 10		147.75		147.68		-0.05		148.49		0.5		    837.766	4836
u5-40	 10		121.86		122.41		0.45		123.54		1.38		619.421	2702
u5-50	 10		142.82		144.04		0.85		144.51		1.19		1040.18	4805
